Size: 145
Sort algorithm choice: 3
Search algorithm choice: 2
Data to search: 46085
Proceso de ordenamiento
Los elementos del vector ordenado son: 
3411 3453 8055 8986 9443 9532 10642 11818 12603 13282 14521 15469 17137 17596 19025 19185 22082 22638 22657 22989 23426 24682 25493 26107 28791 29338 32780 44177 44287 46085 47498 48518 48634 49588 52845 53458 54555 56379 64658 66301 67076 67621 69505 72934 74619 75610 75763 76651 76705 76749 76779 79188 79497 80647 82132 83452 84202 85340 88260 88781 88791 90491 91731 92623 96910 98705 101050 101223 103729 104288 104542 105194 105397 106508 107820 108110 108404 110418 113037 114940 116314 116811 119147 120903 121386 124425 125628 126655 128198 129849 130519 131616 131756 132383 133895 134706 137957 139516 140443 141864 143211 143922 144363 144740 147132 147393 150682 150931 152810 154649 157371 158987 161192 161532 167016 167059 168502 170465 176377 176650 180034 182681 183384 184017 184497 186772 188327 188528 190614 192694 192897 194121 195594 195829 200343 202347 203930 204764 204930 205968 206332 206642 209213 210932 212587 
Numero de comparaciones: 1858654722
Numero de intercambios: 33163
Proceso de busqueda
Indice de la key: 29
Numero de comparaciones: 7
